1 N 3 2 3 4
2 H 1 1
3 H 1 1
4 C 4 1 5 6 7
5 H 1 4
6 H 1 4
7 C 4 10 4 8 9
8 H 1 7
9 H 1 7
10 C 3 11 12 7
11 H 1 10
12 C 3 10 13 15
13 H 1 12
14 H 1 15
15 C 4 12 14 16 17
16 H 1 15
17 C 3 15 18 19
18 O 1 17
19 Cl 1 17
20 C 3 21 22 27
21 C 3 20 23 28
22 C 3 20 25 26
23 C 3 21 24 29
24 C 3 23 25 47
25 C 3 22 24 50
26 H 1 22
27 H 1 20
28 H 1 21
29 C 4 23 31 32 33
30 C 4 42 47 54 55
31 H 1 29
32 C 4 29 34 35 36
33 H 1 29
34 H 1 32
35 N 3 32 38 39
36 H 1 32
37 C 4 40 42 43 44
38 H 1 35
39 H 1 35
40 O 2 37 41
41 H 1 40
42 C 4 30 37 45 46
43 H 1 37
44 H 1 37
45 H 1 42
46 H 1 42
47 C 3 24 30 48
48 C 3 47 49 53
49 C 3 48 50 51
50 C 3 25 49 52
51 H 1 49
52 H 1 50
53 H 1 48
54 H 1 30
55 H 1 30
